best_acc0.2217293311657044(std:0.02097286799354174), lr:0.05, alpha:0.0, 
best_acc0.21234729018773457(std:0.022054372902691435), lr:0.005, alpha:0.0, 
