best_acc0.441569471707039(std:0.011655877743102958), lr:0.05, alpha:0.9, 
best_acc0.4630651058387965(std:0.012835107265754604), lr:0.05, alpha:0.1, 
