best_acc0.3730373444281294(std:0.013911642126355121), lr:0.05, alpha:0.9, 
best_acc0.3852473667317017(std:0.010946825269111223), lr:0.01, alpha:0.9, 
